8
35
53
30
43
52
82
59
73
1
26
92
56
66
53
78
45
81
14
74
46
33
17
93
46
9
64
91
27
62
59
52
66
64
16
82
75
73
83
79
36
71
61
82
15
12
41
12
90
39
22
45
4
47
47
37
91
53
92
89
56
13
38
79
46
3
37
62
16
6
5
45
38
17
48
74
15
93
96
84
71
86
6
67
43
72
98
4
79
15
28
62
46
65
83
36
29
12
80
26
58
12
10
76
92
15
77
55
74
36
58
43
80
33
43
12
32
85
57
84
56
7
32
9
7
20
74
6
74
73
92
7
84
24
81
87
16
15
98
31
1
58
8
2
63
34
46
60
98
44
61
10
30
63
44
81
63
72
98
46
64
87
5
30
25
60
99
59
42
57
56
30
60
65
13
23
50
1
26
49
75
56
85
8
96
49
58
73
7
23
99
0
61
81
89
98
4
27
38
15
2
29
92
93
22
80
28
70
29
97
43
29
38
97
72
54
20
74
68
22
30
79
79
11
74
64
7
14
75
38
34
71
4
85
32
12
49
4
5
30
61
63
81
62
22
10
86
34
8
70
54
64
54
99
17
50
19
95
36
49
15
45
28
84
48
65
35
43
73
82
55
51
38
5
97
32
54
46
99
5
61
93
64
71
75
39
26
55
74
9
14
11
8
0
37
91
63
14
54
14
32
85
80
72
47
42
78
44
62
36
85
54
51
31
7
93
21
87
76
47
59
85
74
29
70
27
24
28
15
77
76
80
37
11
69
33
18
64
82
70
94
46
59
31
32
55
77
74
50
84
12
25
10
1
17
84
10
13
28
11
5
24
93
78
45
4
77
18
30
94
44
10
39
79
12
29
69
76
29
1
71
3
37
47
93
71
81
94
4
99
34
71
78
62
3
76
35
71
66
3
77
70
12
0
55
83
33
52
5
13
20
44
82
49
72
42
3
37
57
32
73
97
91
77
50
42
95
32
60
82
52
85
40
54
33
80
80
94
69
24
43
52
6
74
43
20
10
8
99
9
64
88
69
13
85
88
30
55
14
86
37
89
48
14
4
2
40
79
82
98
30
99
59
43
24
5
38
18
62
54
2
99
43
36
40
33
67
3
22
6
11
15
89
42
96
47
28
44
22
58